1 1 -0.0521411423320655 0.751605883957556 -0.330927972817786
2 2 0.324902022208628 -0.304541877950744 0.82985829149229
3 3 -3.01955903621191 -0.451349872460793 -1.42733915012957
4 4 -5.92831410604981 -0.286334889089301 -0.727252237434627
5 5 -5.01502385158879 -0.916574265832572 -0.439571408514103
6 6 -3.72966057745193 0.573764087123324 0.931626890977127
7 7 2.84340692014574 -2.29308223434022 0.492603968708328
8 8 -3.09012708016107 0.353897145482163 1.46873233395575
9 9 -0.409065893321224 -0.375273790234355 0.379665148285032
10 10 -3.79425605500687 0.432894097733419 -0.046756068123846
11 11 2.76101507869214 0.213271869806585 -0.618955943638047
12 12 -2.39981125596424 1.68183607576607 -1.19969779361243
13 13 -2.8601698887345 -0.420443590448445 0.898826604697903
14 14 -3.82182341752991 -0.471660098754228 -0.385947135329497
15 15 -7.34943064141507 -0.955041708896062 -0.896289630140134
16 16 -2.45440920083133 0.149367638459296 0.494768494710867
17 17 -1.84977840209869 0.836120407328152 0.681245345259562
18 18 4.9253344144547 -0.845260361889762 -0.668648599594852
19 19 0.887798860425133 -0.407327381527408 -1.6306402197219
20 20 3.93142665643419 -0.346931936054962 -0.163896779425291
21 21 1.85917508618937 -1.5066174161014 0.197405801563871
22 22 -7.82860299157777 1.10617099844721 -0.36279596240371
23 23 -1.03988492757825 0.882559328473758 -0.70566944342374
24 24 -9.76255248297099 0.929710203554674 2.32368585498044
25 25 6.76968130555462 -0.646554547666333 -0.242813839613465
26 26 0.515220498546017 -0.374954730419384 0.37595830752183
27 27 -1.50151079610076 -0.682335042276437 -0.211299207024993
28 28 -1.32588065242143 -0.796272892217068 -1.22931859623246
29 29 1.42004059157107 1.23536744666426 1.69353734524832
30 30 4.30460382866276 0.113410980346375 -0.567044316753604
31 31 -2.44521714133056 0.549764290285646 -0.246216889414443
32 32 1.43549209957586 -0.275208498282853 0.306581947822076
33 33 3.50869054308518 0.571096599630275 1.05379928495274
34 34 -3.43160418559579 -0.562100273396293 -0.531174784083571
35 35 -0.242989434316416 0.371573352660872 -0.949604744982198
36 36 4.02594448377732 0.261137472049644 0.130294260569024
37 37 0.00832909890274426 -0.178047043715639 -1.66438090699312
38 38 -0.0755742088722102 -1.34075700581047 -1.16033590269102
39 39 -3.49880957146012 1.28696663317894 -0.200455796697807
40 40 -0.779280755592375 2.13299228720908 0.580400175149634
41 41 2.1842610094128 -1.29706245028973 0.723740293413737
42 42 -7.58618540167118 -1.1711941262387 -0.105008492778213
43 43 5.20752349566209 1.17696353402527 0.826701833507975
44 44 -3.67106268423725 -0.0825112669103477 -0.0121323783440629
45 45 7.14641636188957 -0.53244133122113 -0.615981775044983
46 46 -1.35878254460064 1.06359957867292 -0.0770203436230059
47 47 -8.21282149597611 -1.0631155563984 0.0788657643146461
48 48 2.27351190636621 1.1846576181157 0.40568761695958
49 49 0.882108219488912 -0.945858251227938 -0.0992353670515077
50 50 -0.999471895995638 -1.91657214211654 -0.365140107970621
51 51 1.21291993841647 -2.24166681802868 0.508659121235396
52 52 -1.39027617613405 0.878264534567431 2.93992997783938
53 53 -1.26075039333085 -1.29961865531759 -1.30235775101393
54 54 -4.36175078091504 -0.13699061018659 1.05284250274266
55 55 -6.59793961750209 -2.08769761085981 0.49365216845359
56 56 5.65610474778846 -2.00831772761614 0.35280724481898
57 57 4.00580130144023 1.00340113557459 -0.796043645363235
58 58 2.14650724658356 -0.153561885881967 2.65313176243238
59 59 6.10931650367827 1.47112234451801 -0.868683292686864
60 60 -2.1231748193879 -1.31804461842005 -0.283516715481293
61 61 -0.554259302766757 0.488867894908541 -0.0101917483918356
62 62 -2.81549126582535 -0.0201941010130936 -1.06385620912715
63 63 2.1559183914967 -1.4089384434357 0.199876879171858
64 64 3.34767242210017 -0.468047493493162 0.915722112592967
65 65 0.255954925472089 -0.118724409547704 -1.66464536826917
66 66 5.92550349690631 1.00279509558342 -1.09319858346634
67 67 -2.21134160455805 6.26092871850428e-06 0.473566887811009
68 68 -5.9524495630449 1.25656548706594 0.373830754204546
69 69 5.94272076066779 2.19857816594346 -0.446579904908362
70 70 1.93086535374034 -0.689094534747327 1.33012219347186
71 71 -5.17092238508842 -1.46629315022437 -1.17556645060746
72 72 -0.374017342724146 -0.468799755131107 -0.962610250462528
73 73 3.01580625012436 1.10092708275304 0.479624629235719
74 74 4.41235473393605 -0.500088614631248 0.114964092761921
75 75 -6.14488978308027 0.545655438842567 1.27358953099728
76 76 -0.305667572535775 -0.476624962109901 2.08837714142795
77 77 -7.29029531765732 0.944847641227634 2.13711818321059
78 78 7.09467754270913 -0.619183134175893 -1.10452609946307
79 79 1.44138487158172 1.28856988128511 -0.0953868827035726
80 80 -4.7227305670875 -0.820561862825977 1.17744048043783
81 81 -1.72482119875091 0.340750313667244 1.69370131692207
82 82 -0.858725740760286 0.755769639775385 0.352283582366976
83 83 -1.88259954046867 0.604618344220066 -0.24540251270518
84 84 -2.67636619618942 0.556791973689853 1.30981754773901
85 85 2.67086628584027 0.330028215717573 -1.67924917515398
86 86 1.02854038519666 -0.0721025852587896 0.530350127765688
87 87 1.9335727666543 1.10446712667616 -0.449164048291984
88 88 -0.159736505903446 -0.791444117817558 0.293396521058182
89 89 2.17927265708644 -0.389966114012213 0.229355959017094
90 90 -4.23837650098769 0.444390737115336 -0.746573856961347
91 91 -1.22046282135022 -0.493247138379949 1.17446960483417
92 92 2.04661205101729 0.0790539275893331 -0.0247646028020866
93 93 -0.326444436006096 1.49207091031517 -0.56609051733812
94 94 2.05077022791314 0.632938847730298 -0.55837581812715
95 95 7.92117488781727 -0.0545377852238417 -0.519655504017393
96 96 1.9766371659713 -1.22037577122806 0.247167243409215
97 97 1.48381249632179 -0.129618325829894 0.887796713190241
98 98 9.25553850037643 0.385986496094717 0.224923848259407
99 99 10.2618040986073 -0.181250485550462 0.942115977306027
100 100 3.41173497191984 -2.26422719374662 -0.38031931080953
