1 1 -0.0521411423320655 0.0157539 0.00369307 -0.0211171 0.0108574 -0.00324187 -0.0132539 0.00018038 -0.00104582
2 2 0.324902022208628 0.0134383 0.00225778 -0.0189288 0.0054664 -0.00820532 0.00765903 0.0081307 0.0247385
3 3 -3.01955903621191 0.0127766 0.0016572 -0.019287 0.0118547 -0.012759 -0.0180294 0.00427526 -0.00398588
4 4 -5.92831410604981 0.010204 0.00549227 -0.0226593 0.015786 0.00706723 -0.00330056 0.0141918 -0.0138451
5 5 -5.01502385158879 0.0112486 0.00490073 -0.0172056 -0.0264496 0.000274096 -0.0267294 0.0129987 -0.0199032
6 6 -3.72966057745193 0.0132086 -2.04636e-05 -0.0185659 -0.013818 0.0392042 0.0113332 -0.000844555 -0.00863721
7 7 2.84340692014574 0.0145406 0.00356453 -0.0199625 -0.0132416 0.0047797 -0.0120902 -0.0106004 -0.0196693
8 8 -3.09012708016107 0.014306 0.000612453 -0.021111 0.00360021 0.0263326 -0.0141608 -0.0194818 -0.00904307
9 9 -0.409065893321224 0.00865339 -0.0031203 -0.0237202 -0.00869249 -0.00245146 0.00204377 -0.0027636 0.00664455
10 10 -3.79425605500687 0.0137618 0.00171956 -0.0143129 -0.00973233 0.00723436 0.0174882 -0.000417794 0.00886831
11 11 2.76101507869214 0.0157744 -0.000675761 -0.0221969 -0.00543012 0.0073177 0.00873348 0.0257748 -0.00598019
12 12 -2.39981125596424 0.0170848 -0.00575111 -0.0235583 0.00439011 0.00110842 0.00205329 0.0272397 0.00630872
13 13 -2.8601698887345 0.0121213 0.00119076 -0.0218118 -0.0115829 -0.0265842 0.00912871 -0.00920447 -0.00816031
14 14 -3.82182341752991 0.0112075 -0.000718838 -0.0133628 0.0196213 -0.0219091 -0.018473 0.00842712 -0.0122022
15 15 -7.34943064141507 0.012784 -0.00218965 -0.0156656 0.00123888 -0.004821 -0.00384012 -0.00781634 -0.0227769
16 16 -2.45440920083133 0.0122363 -0.00432957 -0.0227601 0.0234456 -0.0371444 -0.00060998 -0.0126204 -0.00368173
17 17 -1.84977840209869 0.0189017 -0.00173651 -0.0149738 -0.0062007 9.88573e-05 -0.0141841 -0.00898034 0.0123729
18 18 4.9253344144547 0.0156846 -0.00249986 -0.0185875 -0.00981991 0.011371 0.00565103 -0.000845907 0.0425646
19 19 0.887798860425133 0.0143942 -0.000156533 -0.0178042 0.0208559 0.0024474 0.0313002 0.000360442 0.0170124
20 20 3.93142665643419 0.0145349 -0.00457172 -0.0146222 0.000217826 0.0161355 0.00752475 -0.00557504 -0.0276784
21 21 1.85917508618937 0.01128 -0.00170516 -0.0207226 0.0084658 0.00246666 -0.00430671 0.00694678 -0.0117192
22 22 -7.82860299157777 0.0135071 -0.00420966 -0.0248416 0.0101038 -0.00476858 0.0106598 0.00542047 -0.00660558
23 23 -1.03988492757825 0.0126763 0.00600679 -0.0092035 0.00243956 -0.00277414 -0.0198422 -0.00898153 0.0179812
24 24 -9.76255248297099 0.0152263 -0.00358736 -0.0122495 0.0133512 0.00223613 0.0148581 0.00912845 0.0141325
25 25 6.76968130555462 0.015235 -0.00441494 -0.0254896 0.00603214 0.00176579 0.00528519 0.0112834 -0.0316703
26 26 0.515220498546017 0.0133524 0.00187103 -0.0275613 -0.00613506 -0.0220361 -0.0184665 -0.0164238 0.0141657
27 27 -1.50151079610076 0.0168826 -0.00266578 -0.0261455 0.0136041 0.0223269 0.00544343 -0.0359763 -0.0329041
28 28 -1.32588065242143 0.0132286 0.00146983 -0.0245194 -0.00939337 -0.00996675 0.00740532 -0.00848326 -0.0258259
29 29 1.42004059157107 0.0152981 -0.00159213 -0.0151576 0.0152413 0.0253504 0.0047183 0.0268989 0.00546737
30 30 4.30460382866276 0.015531 -0.00783875 -0.0202667 0.00447301 0.00984966 0.0130444 0.0206878 -0.00867032
31 31 -2.44521714133056 0.0112077 -0.00220241 -0.0189314 -0.00954153 0.00660776 0.00149754 0.00127338 -0.00351016
32 32 1.43549209957586 0.0112065 -0.00083042 -0.0133895 0.0144861 -0.00672845 -0.00395549 -0.0300495 0.0117027
33 33 3.50869054308518 0.0129442 -8.04367e-05 -0.0153746 -0.0237811 0.00908395 -0.00795675 0.00460531 0.00126079
34 34 -3.43160418559579 0.0155969 0.00228574 -0.0207686 -0.00193006 0.0147054 -0.00174459 -0.0295627 -0.0177207
35 35 -0.242989434316416 0.01624 -0.00102373 -0.0214745 0.00735598 0.0100609 -0.0182622 -0.00480566 0.0118717
36 36 4.02594448377732 0.015395 -2.1662e-06 -0.015606 -0.0042623 -0.00942717 -0.00698627 -0.00123345 0.0186488
37 37 0.00832909890274426 0.01385 -0.003107 -0.012335 0.0154694 -0.01598 -0.00124128 0.00637135 0.000247551
38 38 -0.0755742088722102 0.0104555 -0.000114905 -0.018776 -0.0139268 0.00861442 0.0188589 0.00214694 -0.0386919
39 39 -3.49880957146012 0.0154215 -0.00302897 -0.0186258 -0.0138216 0.0244982 0.0110295 0.00527491 0.00678661
40 40 -0.779280755592375 0.0141607 -0.00186255 -0.00494665 0.0071203 -0.0148029 0.0021598 0.021072 0.00159577
41 41 2.1842610094128 0.0150188 0.00220769 -0.0140776 -0.00909996 -0.0102913 0.00540112 -0.0146299 0.00838178
42 42 -7.58618540167118 0.0149998 0.00267839 -0.015324 -0.00533264 -0.0166055 0.0122589 0.0034826 0.0216952
43 43 5.20752349566209 0.01289 0.00180942 -0.0198592 0.00121238 0.0184978 0.0179054 0.00210459 -0.00413206
44 44 -3.67106268423725 0.0192502 0.00701542 -0.0170362 -0.0158385 -0.00498695 -0.00694771 -0.00789347 0.0212994
45 45 7.14641636188957 0.0115653 0.000138534 -0.0181916 0.00987121 0.00475411 -0.0104683 0.0222342 -0.0414912
46 46 -1.35878254460064 0.00927044 -0.0017842 -0.0136981 0.00729094 0.00888725 -0.00400391 -0.0118963 0.000883742
47 47 -8.21282149597611 0.0120643 -0.00410916 -0.0148397 -0.0183531 0.00984189 -0.0212755 -0.0075834 0.00840106
48 48 2.27351190636621 0.0151 0.00446689 -0.0145812 -0.00797063 -0.000501962 0.0158751 0.00846886 -0.0159471
49 49 0.882108219488912 0.0144941 -0.000696595 -0.0211851 0.0100271 -0.0122455 0.0250727 0.013828 0.0285491
50 50 -0.999471895995638 0.0112992 -0.00098384 -0.0207453 -0.0330931 -0.0167951 -0.00410247 0.00359978 -0.0426163
51 51 1.21291993841647 0.011578 0.00179393 -0.0237707 0.0084569 -0.0128525 0.011573 -0.0189244 0.0214875
52 52 -1.39027617613405 0.0119178 -0.00514916 -0.0158724 -0.0033729 0.0079669 0.0181413 0.00509366 -0.00215734
53 53 -1.26075039333085 0.0181891 0.00649912 -0.0255259 0.00393395 0.0232144 -0.000682292 -0.0158253 -0.00955871
54 54 -4.36175078091504 0.0160527 0.00401861 -0.0222073 -0.00425806 0.00816759 0.0211435 -0.0099161 0.00699229
55 55 -6.59793961750209 0.0167595 0.00239752 -0.0233437 0.00741047 0.0123959 -0.0185737 -0.0143304 -0.0211354
56 56 5.65610474778846 0.0154922 0.00437527 -0.0187889 0.00444746 0.0107088 -0.018709 0.011805 0.00974941
57 57 4.00580130144023 0.0145283 -0.00249704 -0.0188144 -0.00570145 0.00206285 0.00359509 0.0137034 0.0198255
58 58 2.14650724658356 0.0123024 -0.00067078 -0.0197093 0.00271504 -0.00942403 -0.000586677 -0.00555195 0.0229439
59 59 6.10931650367827 0.0138452 0.00446562 -0.0182567 0.0331966 0.00578204 -0.00555716 0.024953 0.00569124
60 60 -2.1231748193879 0.0150557 0.000620886 -0.0197284 -0.0310752 -0.0110634 -0.00132916 -0.00180446 -0.0217838
61 61 -0.554259302766757 0.0151258 -0.00666996 -0.0122327 0.0089788 0.0122485 0.00226005 -0.00127505 0.0137808
62 62 -2.81549126582535 0.0152725 0.000141609 -0.0199667 -0.00386224 0.00601606 0.0193756 0.01373 -0.0148321
63 63 2.1559183914967 0.0119659 -0.0056073 -0.0187325 -0.0152992 0.00668115 0.0152121 0.0128757 -0.0138266
64 64 3.34767242210017 0.015596 -0.00462713 -0.016217 -0.00970114 0.0285222 0.0244924 -0.0225898 -0.00183517
65 65 0.255954925472089 0.014346 0.00116622 -0.0199092 0.00841984 0.00800337 0.014957 0.0186767 -0.0182413
66 66 5.92550349690631 0.012332 0.000956173 -0.0146138 0.0185034 -0.00230403 -0.00043012 0.00653735 0.0221131
67 67 -2.21134160455805 0.0135264 0.000817514 -0.0219316 -0.0259846 0.00416493 0.00995621 -0.00332843 -0.0188583
68 68 -5.9524495630449 0.0156841 -0.00196338 -0.0198334 -0.0212312 0.00948369 -0.0071726 -0.018926 0.0218893
69 69 5.94272076066779 0.00946561 0.000435232 -0.0206204 -0.00289249 0.0285339 -0.0101747 0.0137075 0.000216529
70 70 1.93086535374034 0.0131318 0.00227076 -0.0218563 0.00699115 0.0165221 -0.0167626 0.000284048 -0.00796141
71 71 -5.17092238508842 0.0132149 -0.0027178 -0.0147237 0.0248042 0.0146273 0.0089878 0.0205852 0.013056
72 72 -0.374017342724146 0.0132768 0.000522124 -0.0190489 0.0067939 -0.0163245 0.00373812 -0.0284334 0.00451638
73 73 3.01580625012436 0.0143545 -0.000668113 -0.0268841 -0.0110206 0.00339581 -0.00536396 -0.0154146 -0.00268605
74 74 4.41235473393605 0.0157447 0.0018652 -0.0219234 -0.00106559 -0.0202947 0.00564065 0.00880859 -0.0205667
75 75 -6.14488978308027 0.0165273 0.00886078 -0.0205636 0.00800938 0.0111108 -0.0263061 -0.00367616 0.0181668
76 76 -0.305667572535775 0.0165079 0.00334492 -0.0131368 0.0225452 0.0121628 0.012598 -0.0158952 0.00220795
77 77 -7.29029531765732 0.013529 -0.00344697 -0.0223761 0.0237743 -0.0240562 -0.0101538 0.0130643 -0.00428027
78 78 7.09467754270913 0.0163858 0.00402923 -0.017547 -0.00947879 0.0112705 0.00775171 0.0113996 -0.00024787
79 79 1.44138487158172 0.0126427 -0.00093162 -0.0215079 -0.010997 0.0172066 -0.0264477 0.0114676 0.00400988
80 80 -4.7227305670875 0.0150153 0.000727562 -0.0172367 0.011672 -0.00711364 0.0185927 0.0015168 0.00826639
81 81 -1.72482119875091 0.0157503 -0.0034468 -0.0193434 0.0012243 -0.0152925 0.00824535 -0.0104144 0.0114265
82 82 -0.858725740760286 0.010544 -0.000141987 -0.0168356 0.00477873 0.0111286 0.00413412 0.00746377 -0.0154643
83 83 -1.88259954046867 0.0133903 -0.000894491 -0.0162464 -0.0238099 -0.0267409 -0.0047389 0.0236731 0.0239303
84 84 -2.67636619618942 0.0140325 -0.00149236 -0.0177475 0.00289307 1.4744e-05 0.0194702 -0.000793469 0.0291697
85 85 2.67086628584027 0.0162347 -0.00392411 -0.00946377 0.0124993 -0.0154621 0.0152513 -0.0221137 0.00579815
86 86 1.02854038519666 0.0109051 -0.00291817 -0.0226956 0.0147578 0.000399601 -0.0212503 -0.0172474 -0.00312725
87 87 1.9335727666543 0.0122895 0.00625383 -0.018441 -0.0334423 0.00741787 0.00233545 0.00150815 -0.000770447
88 88 -0.159736505903446 0.0158154 -0.0016063 -0.0197158 -0.0199745 0.00560948 0.0274142 0.00207366 0.0181602
89 89 2.17927265708644 0.0119675 -0.00369735 -0.0184022 0.00551569 0.000580777 -0.0146919 0.0145182 -0.0197842
90 90 -4.23837650098769 0.0169496 0.000898822 -0.0185613 0.009474 -0.0122331 0.0122823 0.00271983 -0.0102747
91 91 -1.22046282135022 0.012806 -0.000102943 -0.024087 0.0274405 -0.00185529 0.00048969 0.0144032 0.0147932
92 92 2.04661205101729 0.0142138 -0.00106447 -0.0162224 0.000737855 -0.00621327 0.00910193 0.0239863 -0.00184419
93 93 -0.326444436006096 0.0133064 0.00366311 -0.0173067 0.0022028 0.0158169 -0.0204791 0.00548159 -0.0121272
94 94 2.05077022791314 0.014842 -0.000477857 -0.0236996 -0.00012599 -0.00666902 0.0012525 0.00211965 -0.0207067
95 95 7.92117488781727 0.0150303 0.000600552 -0.0196603 -0.0122357 0.00317422 -0.00675925 -0.0156545 0.00925714
96 96 1.9766371659713 0.0134674 0.000467473 -0.0210766 -0.0209578 0.0120987 0.0168214 -0.00949035 0.022275
97 97 1.48381249632179 0.0132009 0.000422315 -0.0188966 -0.000140143 0.0174922 0.0122681 0.00916553 0.00640099
98 98 9.25553850037643 0.0116955 -0.00332602 -0.0211027 0.00624669 0.0122261 0.00738111 -0.0189956 -0.0192831
99 99 10.2618040986073 0.0137629 -0.00102343 -0.0188911 0.022916 -0.0101626 0.0112557 0.0110731 0.0144322
100 100 3.41173497191984 0.0140308 -0.00261096 -0.0229787 -0.00456315 -0.00631387 0.0203423 0.00945857 -0.00952062
